4101 0040 0000
4106 0400 0000
4146 0001 0000
4148 0001 0000
4149 0002 0000
4150 0010 0000
4151 0005 0000
4152 0002 0000
4153 0030 0000
4154 0004 0000
4155 0108 0000
4156 0020 0000
4157 0056 0000
4158 0308 0000
4159 10a0 0000
4160 0040 0000
4161 0601 0001
4162 2084 0000
4163 1808 0000
4164 2440 0000
4165 42b1 0011
4166 2800 0000
4167 4400 0000
4168 8010 0010
4170 cd80 0100
4171 2042 0002
4172 0020 0020
4174 4800 0000
4175 9102 1102
4177 0020 0020
4178 8010 0010
4179 1004 1004
4180 0200 0200
4182 2060 2060
4183 0003 0003
4184 0204 0204
4187 2040 2040
4188 0404 0404
4190 2000 2000
4191 0040 0040
4193 4400 4400
4195 0004 0000
4197 0004 0000
4199 4002 4000
4200 0400 0400
4202 0045 0000
4203 4002 4000
4204 0001 0000
4205 0024 0000
4206 0440 0000
4208 8433 8000
4211 0234 0000
4212 4440 0000
4213 0001 0000
4214 0200 0000
4215 4110 0000
4216 a400 0000
4218 0100 0000
4219 0200 0000
4220 5010 0000
4221 2020 0000
4223 0100 0000
4224 7000 1000
4227 1000 0000
4229 0007 0007
4230 0008 0008
4232 2007 0007
4233 0008 0008
4235 00f0 00f0
4236 1000 0000
4237 0010 0010
4238 00e2 00e2
4241 0500 0500
4242 0a04 0a04
4244 0700 0700
4245 0810 0810
4246 1000 1000
4247 6000 6000
4248 8001 8001
4250 7080 7080
4251 8200 8200
4252 0020 0020
4253 4400 4400
4254 1000 1000
4256 2000 2000
4258 0100 0100
4259 0800 0800
4277 0040 0040
4526 f000 1000
4528 ec00 8000
4529 1300 0000
4530 0c00 0400
4531 e2c0 0000
4532 0130 0000
4533 0cc0 0000
4534 0034 0020
4535 0001 0000
4536 02ca 0000
4537 0025 0000
4538 0002 0000
4539 101c 1000
4540 2001 2000
4542 1100 1100
4543 6200 6200
4545 4110 4110
4546 0621 0621
4547 0010 0010
4548 0040 0040
4549 0420 0420
4550 0003 0003
4551 4004 0004
4552 0040 0040
4553 0482 0082
4554 4005 0005
4556 0440 0000
4558 6080 0000
4560 0440 0000
4561 2204 0000
4563 0040 0000
4564 0224 0000
4565 2000 0000
4566 8000 8000
4567 1020 0000
4568 0646 0000
4569 4800 4800
4570 8000 8000
4571 0120 0000
4572 7002 6000
4573 0c80 0c80
4575 6159 6048
4576 0680 0680
4577 1000 1000
4578 8000 8000
4579 0a44 0a44
4580 0429 0428
4581 0100 0100
4582 2080 2080
4583 0024 0024
4584 0048 0048
4585 0002 0002
4586 0010 0010
4587 0006 0006
4589 0001 0001
4621 0040 0000
4969 1000 0000
4972 1000 0000
4973 0100 0000
4974 2000 0000
4976 1100 0000
4977 2010 0000
4979 6200 0000
4980 0110 0000
4981 1000 0000
4982 6201 4000
4983 0420 0000
4984 0010 0000
4985 c301 0000
4986 0400 0000
4987 2031 0000
4988 c040 0000
4989 0602 0000
4990 0820 0000
4991 0040 0000
4992 c413 0000
4993 0a00 0000
4994 0064 0000
4995 4080 0000
4996 8c02 0000
4997 0044 0000
4998 0480 0000
4999 8000 0000
5000 0806 0000
5001 0088 0000
5002 0040 0000
5003 0004 0000
5004 0880 0000
5005 0008 0000
5007 0080 0000
5008 0008 0000
5012 0004 0000
5013 e008 e000
5015 1000 1000
5017 0800 0800
5018 e000 e000
5019 0600 0600
5020 4100 4100
5021 3000 3000
5022 8800 8800
5024 1680 1680
5025 0940 0940
5026 0020 0020
5027 0610 0610
5028 4100 4100
5029 0080 0080
5030 0044 0044
5031 0028 0028
5032 0013 0013
5033 00c0 00c0
5034 0800 0800
5035 003c 003c
5037 0003 0003
5039 000c 000c
5040 0002 0002
5041 0001 0001
5050 0001 0001
5121 0800 0000
5149 0001 0000
5442 0004 0000
5445 0010 0000
5446 0040 0000
5448 0080 0000
5450 0100 0000
5451 0400 0000
5456 4000 0000
5458 8000 0000
5485 0001 0000
5486 0002 0000
5487 000d 0000
5489 003e 0000
5490 00c1 0000
5492 0032 0000
5493 03cc 0000
5494 0c00 0000
5495 0040 0000
5496 13b0 0000
5497 2c00 0000
5498 40c0 0000
5499 a000 0000
5500 5e01 0000
5501 8100 0000
5502 2000 0000
5504 d800 0000
5505 2000 0000
5506 4000 0000
5511 8000 0000
5512 0400 0000
5530 0008 0008
5534 0088 0088
5535 0004 0004
5538 08c0 08c0
5539 0004 0004
5540 000a 000a
5541 0080 0080
5542 8c44 8c44
5543 0002 0002
5544 0020 0020
5545 8803 8803
5546 0440 0440
5547 4000 4000
5548 8631 8631
5551 6201 6201
5552 0110 0110
5553 4020 4020
5555 3210 3210
5556 0100 0100
5557 0400 0400
5558 2000 2000
5559 1100 1100
5563 1000 1000
5576 0002 0002
5578 0001 0001
5822 0400 0000
6571 1000 0000
6574 1000 0000
6576 2100 0000
6578 1000 0000
6579 2110 0000
6581 4200 0000
6583 3110 0000
6584 4001 0000
6585 0610 0000
6586 2020 0000
6587 c001 0000
6588 0300 0000
6589 0430 0000
6590 0041 0000
6591 ec02 0000
6592 0200 0000
6593 8000 0000
6594 0863 0000
6595 4014 0000
6597 8cc0 0000
6598 0006 0000
6599 0021 0000
6600 0a80 0000
6601 0440 0000
6602 000e 0000
6603 0080 0000
6604 0800 0000
6605 8008 0000
6606 0044 0000
6607 0080 0000
6609 0008 0000
6611 0080 0000
6613 0008 0000
6634 0004 0000
6640 0020 0000
6660 0800 0000
6668 e000 e000
6669 1000 1000
6671 c800 c800
6672 2600 2600
6673 5100 5100
6674 2000 2000
6675 8c80 8c80
6676 1260 1260
6677 0110 0110
6678 0e00 0e00
6679 0084 0084
6680 0068 0068
6681 0113 0113
6683 006e 006e
6684 0091 0091
6686 000e 000e
6687 0001 0001
6695 0002 0002
6915 0800 0000
6924 8000 0000
6967 0001 0000
6968 0006 0000
6969 0009 0000
6971 0016 0000
6972 0069 0000
6973 0080 0000
6974 0074 0000
6975 038b 0000
6976 0400 0000
6977 0844 0004
6978 17b0 0000
6979 6809 0000
6980 8000 0000
6981 2300 0000
6982 5c00 0000
6983 0040 0000
6984 e000 8000
6986 7000 0000
6987 8000 0000
6989 0200 0000
6994 0080 0000
7018 0800 0000
7041 0008 0008
7045 008c 008c
7048 0008 0008
7049 0004 0004
7050 08c2 08c2
7052 0004 0004
7053 8000 8000
7054 0c43 0c43
7055 0020 0020
7056 0010 0010
7057 c4c3 c4c3
7058 0b20 0b20
7059 0010 0010
7060 1401 1401
7061 c024 c024
7062 2300 2300
7063 5000 5000
7064 0210 0210
7065 2000 2000
7066 1100 1100
7067 0400 0400
7068 2002 2002
12762 0410 0000
12763 6000 0000
12764 0840 0000
12768 0080 0000
12770 0004 0000
13713 0400 0000
13714 0010 0000
13716 0840 0000
13717 8000 0000
13719 0004 0000
14466 2000 0000
14467 4000 0000
14468 a600 0000
14469 5860 0000
14470 8784 0000
14471 3872 0000
14472 0088 0000
14473 0517 0000
14474 0008 0000
14475 5001 0000
14476 0230 0000
14477 0180 0000
14478 0801 0000
14488 0001 0000
14489 0040 0000
14497 0800 0000
14507 4000 4000
14508 b000 b000
14510 ec00 ec00
14511 1300 1300
14513 4ff0 4ff0
14516 00fb 00fb
14517 0004 0004
14519 000b 000b
14520 0014 0014
14521 0040 0040
14522 0003 0003
14526 0004 0004
14573 0005 0000
14574 000a 0000
14576 0007 0000
14577 00f8 0080
14579 0057 0000
14580 08a8 0000
14581 0700 0000
14582 00d0 0000
14583 ee20 8000
14584 1104 0000
14585 4200 0000
14586 bc00 0000
14588 4000 0000
14589 8000 0000
14590 2000 0000
14592 1000 0000
14595 4000 0000
14608 0001 0001
14609 0010 0010
14610 0001 0001
14611 0112 0112
14612 1020 1020
14613 0326 0326
14614 3040 3040
14615 060c 060c
14616 6040 6040
14617 0480 0480
14618 4808 4808
14619 8080 8080
14620 0800 0800
14622 8000 8000
14871 1000 0000
14873 2100 0000
14874 1200 0000
14875 6010 0000
14876 c721 0000
14877 0852 0000
14878 8425 0000
14879 00c0 0000
14880 0a1a 0000
14881 0084 0000
14882 8801 0000
14883 4148 0000
14887 0020 0000
14888 0080 0000
14892 0400 0000
14898 0004 0004
14911 f000 f000
14912 ee00 ee00
14913 1580 1580
14914 0a70 0a70
14915 01ac 01ac
14916 0053 0053
14917 000e 000e
14918 0001 0001
15014 0001 0000
15015 000e 0000
15016 00f0 0000
15017 000f 0000
15018 0fe0 0000
15019 f010 0000
15020 0e00 0000
15021 a100 0000
15022 5000 0000
15025 8000 0000
15027 0081 0001
15028 2010 0010
15029 0001 0001
15030 0112 0112
15032 1000 1000
15033 0122 0122
15034 1204 1204
15035 2070 2070
15036 0205 0205
15037 2408 2408
15038 40c0 40c0
15039 0408 0408
15040 4802 4802
15041 8080 8080
15043 8800 8800
15047 0004 0004
15050 8000 8000
15052 4000 4000
15282 1000 0000
15283 2110 0000
15284 4201 0000
15285 b520 0000
15286 4a57 0000
15287 84a0 0000
15288 084e 0000
15289 0080 0000
15291 0008 0000
15296 0020 0000
15299 0800 0000
15300 4000 0000
15310 4000 4000
15311 b000 b000
15312 4c00 4c00
15313 b300 b300
15314 0ee0 0ee0
15315 0110 0110
15316 00fe 00fe
15317 0001 0001
15318 000e 000e
15319 0001 0001
15390 0001 0000
15391 000e 0000
15393 0005 0004
15394 005a 0000
15395 00a0 0000
15397 00d5 0000
15398 0d2a 0800
15399 0240 0000
15400 0800 0000
15401 05b0 0020
15402 f240 0000
15403 0c00 0000
15404 e004 4000
15405 1300 0000
15406 6000 0000
15407 cc00 0000
15408 1000 0000
15410 0020 0000
15419 8000 0000
15440 0001 0001
15442 0011 0011
15445 0111 0111
15446 0002 0002
15448 1100 1100
15449 0032 0032
15451 1304 1304
15452 002a 002a
15453 0040 0040
15454 208c 208c
15455 1e00 1e00
15456 80e4 80e4
15457 6800 6800
15458 8640 8640
15459 4000 4000
15460 2000 2000
15463 0400 0400
15476 4000 4000
18880 0004 0000
18881 0001 0000
18882 0040 0000
18883 0010 0000
18885 0400 0000
18888 2000 0000
19019 1000 0000
19020 0100 0000
19023 2200 0000
19024 0100 0100
19025 6020 0000
19026 1400 1000
19027 4000 0000
19028 2240 2200
19029 8c00 0000
19030 0080 0000
19031 8800 0000
19032 4400 4400
19034 0040 0040
19035 0080 0080
19036 2800 2800
19037 8000 8000
19038 4000 4000
19045 8000 8000
19054 e000 2000
19055 1000 0000
19056 c500 0000
19057 3a00 0000
19058 00f0 0000
19059 0f00 0000
19060 30cf 3000
19061 4034 4000
19062 a70a a700
19063 4830 4830
19064 8443 8443
19065 0084 0084
19066 084a 084a
19067 0020 0020
19068 0008 0008
19070 0004 0004
19189 1000 0000
19192 2100 0000
19193 1000 0000
19194 2000 0000
19195 4100 0000
19197 3010 0000
19198 4200 0000
19199 0100 0000
19200 0010 0000
19201 6621 0000
19202 8000 0000
19203 0411 0000
19204 4120 0000
19205 8a40 0000
19206 0413 0000
19207 6020 0000
19208 0040 0000
19209 8802 0000
19210 0655 0000
19211 0800 0000
19212 8020 0000
19213 0086 0000
19214 0040 0000
19215 0800 0000
19216 0084 0000
19217 0008 0000
19218 0040 0000
19219 0082 0000
19220 0008 0000
19221 0004 0000
19222 0080 0000
19224 e008 e000
19225 1000 1000
19226 c000 c000
19227 3f00 3f00
19228 0048 0040
19229 0fa0 0fa0
19230 4010 4010
19231 00c2 00c2
19232 003d 003d
19233 0002 0002
19234 000d 000d
19235 0042 0042
19239 0010 0010
19259 0040 0000
19260 0010 0000
19489 00c0 0000
19490 0010 0000
19491 0c00 0000
19492 4000 0000
19493 2000 0000
19513 0008 0000
19515 000c 0000
19516 0080 0000
19517 0047 0000
19518 0880 0000
19519 0050 0000
19520 082f 0000
19521 8500 0000
19522 02b2 0000
19523 1440 0000
19524 e900 0000
19525 0210 0000
19526 7400 0000
19527 8000 0000
19529 4000 0000
19530 2000 0000
19547 0001 0001
19548 4002 0002
19549 0005 0005
19550 0002 0002
19551 0010 0010
19552 0028 0028
19553 0044 0044
19554 009a 009a
19556 0160 0160
19557 0600 0600
19558 0880 0880
19559 0501 0501
19560 0200 0200
19561 1800 1800
19562 2000 2000
19563 c000 c000
19564 3000 3000
19565 4400 4400
19566 8000 8000
19568 2000 2000
19571 5000 5000
19572 0100 0100
19607 0010 0010
19803 8800 0000
19804 0080 0000
19805 4408 0000
19806 88c0 0000
19807 6404 0004
19808 02a8 0000
19809 2046 0000
19810 5520 0000
19811 0251 0000
19812 1002 0000
19813 0131 0000
19814 0004 0000
19818 0011 0000
19822 2000 0000
19833 0040 0000
19836 8000 8000
19837 6000 6000
19839 9400 9400
19840 6800 6800
19841 8300 8300
19842 34c0 34c0
19843 4800 4800
19844 0630 0630
19845 0100 0100
19846 00c8 00c8
19847 0005 0005
19848 0032 0032
19849 02c0 02c0
19850 0818 0818
19851 0007 0007
19852 1100 1100
19853 000b 000b
19854 0024 0024
19861 0001 0001
20123 0100 0000
20126 1000 0000
20880 0800 0000
20882 4000 0000
21304 1000 0000
21632 0008 0000
21805 0040 0000
22243 0040 0000
22253 0800 0000
22254 0400 0000
22266 c000 0000
22267 0400 0400
22335 0400 0000
22371 0004 0000
23944 0080 0000
23945 0008 0000
23947 0cc0 0000
23948 0008 0000
23949 2644 0000
23950 4820 0000
23951 2284 0000
23952 5040 0000
23953 8522 0000
23954 2204 0000
23955 1812 0000
23956 05a1 0000
23957 c010 0000
23958 0842 0000
23959 2109 0000
23960 0010 0000
23962 4001 0000
23963 8000 0000
23964 0800 0000
23965 1000 0000
23967 8000 0000
23969 4000 0000
23974 0040 0000
23988 0002 0002
23989 000d 000d
23990 0002 0002
23991 000d 000d
23993 00f0 00f0
23995 0090 0090
23996 0060 0060
23998 0500 0500
23999 0a00 0a00
24000 0002 0002
24001 0100 0100
24002 0e00 0e00
24003 0010 0010
24005 1000 1000
24006 e400 e400
24008 1800 1800
24010 2080 2080
24011 4000 4000
24012 8000 8000
24013 0200 0200
24014 1000 1000
24020 8000 8000
24022 4000 4000
24024 1000 0000
24026 6000 6000
24029 1000 1000
24069 0100 0100
24083 0400 0400
24225 1000 0000
24226 2100 0000
24227 4210 0000
24228 b521 0000
24229 4a52 0000
24230 84a5 0000
24231 0802 0000
24232 00c8 0000
24233 0004 0000
24234 0008 0000
24250 0010 0000
24260 e000 e000
24263 1000 1000
24266 4000 4000
24268 a000 a000
24269 0800 0800
24271 0400 0400
24274 1000 1000
24277 0100 0100
24286 0500 0000
24287 1000 0000
24288 8000 0000
24289 6800 0000
24290 0400 0000
24292 4000 0000
24293 8001 0001
24294 2010 0010
24295 1001 0001
24296 4112 0112
24298 9122 1122
24299 0204 0204
24300 1020 1020
24301 2640 2640
24302 000c 000c
24303 6440 6440
24304 0088 0088
24305 4802 4802
24306 8080 8080
24308 8800 8800
24311 0400 0400
24448 0010 0010
24475 0008 0000
24476 0086 0000
24477 0869 0000
24478 0494 0000
24479 8a40 0000
24480 653d 000d
24481 9202 8002
24482 4030 0030
24483 20c0 00c0
24484 1700 0700
24485 0800 0800
24486 7404 7404
24487 8000 8000
24488 0200 0200
24489 4000 4000
24490 a000 a000
24495 0040 0040
24497 8000 0000
24500 8800 0000
24501 0080 0000
24503 c808 0000
24504 0080 0000
24505 4400 0000
24506 08c8 0888
24507 8200 8000
24508 2000 0000
24509 4440 4440
24510 2000 0000
24512 a000 a000
24514 4000 4000
24537 0020 0020
24642 6000 0000
24643 9000 8000
24644 6400 0000
24645 9b00 8000
24646 0460 0000
24647 0a90 0000
24648 0160 0000
24649 809f 8000
24650 4000 4000
24651 200d 2000
24652 8802 8800
24653 4400 4400
24654 3000 3000
24655 4a80 4a80
24656 0440 0440
24657 2088 0088
24658 1024 0024
24659 4040 0040
24660 2608 0008
24661 c060 0000
24662 0c80 0000
24663 0048 0000
24664 c884 0000
24665 1000 1000
24666 2108 2100
24667 5210 5210
24668 a421 a421
24669 4852 4852
24670 0485 0485
24671 810a 810a
24672 0064 0064
24674 0008 0008
24675 0200 0200
24954 0004 0000
24955 0001 0000
24957 0050 0000
24959 0400 0000
24962 4000 0000
24963 2000 0000
24964 1000 0000
25132 0088 0000
25134 0444 0000
25136 2220 0000
25137 0046 0000
25139 1132 0000
25140 0201 0000
25142 0191 0080
25144 0400 0400
25148 0080 0000
25149 0400 0000
25151 1008 0000
25152 2080 0000
25153 0240 0000
25154 0c00 0000
25155 01a4 0000
25156 c800 0000
25157 2600 0000
25158 c800 0000
25159 1000 0000
25160 e000 0000
25168 0040 0000
25176 0005 0005
25177 000a 000a
25178 0004 0004
25179 00f3 00f3
25182 0f48 0f48
25183 0010 0010
25184 f400 f400
25185 0b80 0b80
25186 6000 6000
25187 9020 9020
25419 1100 0000
25420 2011 0000
25421 4220 0000
25422 3512 0000
25423 8261 0000
25424 4c84 0000
25425 804a 0000
25426 0884 0000
25427 0008 0000
25430 0800 0000
25435 0004 0000
25443 7000 7000
25445 a140 a100
25446 5000 5000
25447 0e00 0e00
25448 e110 e110
25449 0200 0200
25450 0c60 0c60
25451 0090 0090
25452 0067 0067
25453 0088 0088
25454 0001 0001
25455 0006 0006
25456 0008 0008
25457 0040 0040
25458 0012 0012
25459 0001 0001
25460 0004 0004
25462 0008 0008
25557 000f 0000
25558 0070 0000
25559 0081 0000
25560 2f7e 0000
25561 d080 0000
25562 2f00 0000
25563 d000 0000
25571 0001 0001
25572 000e 000e
25573 0070 0070
25574 0780 0780
25575 0802 0802
25576 f000 f000
25578 0111 0000
25579 1000 0000
25580 2010 0000
25581 0301 0000
25582 2022 0000
25583 4210 0000
25584 0401 0000
25585 7042 0000
25586 0224 0000
25587 8401 0001
25588 4852 0012
25589 80a4 0024
25590 0340 0340
25591 3400 3400
25592 4800 4800
25593 8001 8001
25597 4000 4000
25601 2000 2000
25648 0001 0000
25656 0001 0001
25659 0800 0000
25662 4000 0000
25663 2000 0000
26345 8800 0000
26346 0080 0000
26348 0400 0000
26350 0040 0000
26352 0004 0000
26356 2000 0000
26359 4000 0000
26365 0001 0000
26366 0010 0000
26472 0008 0000
26474 0004 0000
26475 008a 0000
26476 0044 0000
26477 00a1 0000
26478 085a 0000
26479 0424 0000
26480 8a81 0000
26481 4550 0000
26482 a220 0000
26483 5902 0000
26484 2400 0000
26485 8200 0000
26486 7010 0000
26487 0100 0000
26489 1000 0000
26510 8888 8888
26511 4444 4444
26512 2222 2222
26513 4513 4513
26514 3200 3200
26515 0020 0020
26516 1005 1005
26518 8110 8110
26519 0048 0048
26523 0800 0800
26931 8000 0000
26932 6000 0000
26933 0c00 0000
26934 1200 0000
26935 01c0 0000
26936 0020 0000
26937 001c 0000
26938 0002 0000
26939 0001 0000
26946 0400 0400
27228 3100 0000
27229 4210 0000
27230 b421 0000
27231 4b42 0000
27232 84b5 0000
27233 0848 0000
27234 2086 0000
27236 0208 0000
27249 0001 0001
27251 0010 0010
27252 0101 0101
27253 0012 0012
27254 1000 1000
27255 0121 0121
27256 1002 1002
27257 0200 0200
27258 2026 2026
27259 0240 0240
27260 2404 2404
27262 4040 4040
27263 0418 0418
27264 e080 e080
27265 0808 0808
27266 8400 8400
27267 4880 4880
27271 0200 0200
27272 0044 0044
27274 0008 0008
27505 0007 0000
27506 00f8 0000
27507 0f07 0000
27508 f070 0000
27509 0e88 0000
27510 f100 0000
27517 0007 0007
27518 0078 0078
27519 0780 0780
27520 7800 7800
27521 8000 8000
27544 0002 0002
27547 4000 4000
27571 4000 0000
27929 8000 0000
27930 0800 0000
27931 c000 0000
27932 0c80 0000
27933 6000 0000
27934 0ec8 0000
27935 3004 0000
27936 4168 0000
27937 1296 0000
27938 0060 0000
27939 0517 0000
27941 0001 0000
27950 7000 7000
27951 cf00 cf00
27952 3010 3010
27953 8fe0 8fe0
27954 001f 001f
27955 00e3 00e3
27956 000c 000c
28093 0010 0000
28094 0061 0000
28096 0500 0000
28097 2000 0000
28099 5000 0000
28151 0080 0000
28412 0004 0000
28415 00c0 0000
28417 0800 0000
28419 0300 0000
28421 8000 0000
28422 1000 0000
28492 0011 0000
28494 0003 0001
28497 0006 0002
28499 0008 0000
28504 0004 0004
28719 8000 0000
28720 0800 0000
28721 8000 0000
28723 4880 0000
28724 8400 0000
28725 0888 0000
28726 4000 0000
28727 0440 0000
28728 6088 0000
28729 0c04 0000
28730 0040 0000
28731 2288 0000
28732 0424 0000
28733 0240 0000
28734 a000 8000
28735 1066 0000
28736 0300 0000
28738 5036 4000
28739 0100 0000
28740 8801 8800
28741 2012 2000
28742 4000 4000
28743 0020 0000
28744 0011 0000
28745 1402 1400
28746 8100 8000
28747 2001 2000
28748 0010 0000
28749 0200 0200
28751 0001 0000
28754 4000 4000
28758 0c00 0c00
28775 0800 0000
28778 0400 0000
28781 8000 0000
28783 4c00 0000
28785 0010 0000
28786 8200 0000
28787 6000 0000
28790 1500 0000
28791 a000 0000
28792 0800 0000
28794 6000 0000
28795 1400 0000
28797 0200 0000
28798 8800 0000
28799 4000 0000
28800 2100 0000
28801 1400 0000
28803 4000 0000
28804 8000 0000
28806 0020 0000
28807 3000 0000
28808 4000 0000
28812 1000 0000
28814 2000 0000
28821 8000 0000
28832 4000 0000
28859 0088 0088
28860 0808 0808
28861 8004 8004
28862 0cc0 0cc0
28863 c026 c026
28864 0440 0440
28865 6223 6223
28866 0011 0011
28867 3300 3300
28868 0010 0010
28869 0100 0100
28870 1000 1000
28875 0001 0001
28899 4000 4000
29494 2400 0000
29495 0040 0000
29497 4810 0000
29498 0084 0000
29520 8000 0000
29720 8000 0000
29753 8000 8000
30284 6000 0000
30285 8100 0000
30286 0600 0000
30287 0810 0000
30288 0040 0000
30289 0081 0000
30290 0004 0000
30386 1100 0000
30387 2211 0000
30388 7422 0000
30389 cbd4 0000
30390 042b 0000
30391 88c0 0000
30392 0004 0000
30394 0008 0000
30397 4000 0000
30399 0040 0000
30404 2000 0000
30407 0001 0001
30408 0011 0011
30409 0102 0102
30410 1030 1030
30411 0206 0206
30412 3160 3160
30413 0404 0404
30414 6248 6248
30415 0480 0480
30416 4808 4808
30417 8080 8080
30418 0800 0800
30419 8000 8000
30735 0040 0000
30736 0080 0000
30741 0004 0000
30850 3000 0000
30895 1000 0000
30896 0110 0000
30897 2201 0000
30898 5420 0000
30899 a353 0000
30900 4c24 0000
30901 008a 0000
30902 8844 0000
30903 0080 0000
30904 0008 0000
30905 0001 0001
30906 0810 0010
30907 0103 0103
30908 1026 1026
30909 0250 0250
30910 2408 2408
30911 4180 4180
30912 0e04 0e04
30913 9040 9040
30915 0008 0008
30916 4000 4000
30917 8800 8800
30919 2000 2000
30969 6010 0000
30977 0800 0000
31536 1000 0000
31537 2110 0000
31538 4621 0000
31539 b042 0000
31540 4b94 0000
31541 8469 0000
31542 0806 0000
31543 0080 0000
31544 0008 0000
31555 0200 0000
31559 f000 f000
31560 4f00 4f00
31561 b0f0 b0f0
31562 060f 060f
31563 0110 0110
31564 0083 0083
31565 006c 006c
31667 000f 0000
31668 00f0 0000
31669 0f0f 0600
31670 e0f0 0000
31671 1c00 0800
31672 6300 0000
31673 9004 0000
31676 2000 0000
31690 0001 0001
31691 0010 0010
31692 0103 0103
31693 1030 1030
31694 0306 0306
31695 3060 3060
31696 060c 060c
31697 60c0 60c0
31698 0c08 0c08
31699 c000 c000
31700 0880 0880
31701 8000 8000
32029 8000 0000
32032 8800 0000
32033 0080 0000
32034 0800 0000
32035 c088 0000
32036 0400 0000
32037 4800 0000
32038 00c8 0000
32039 4400 0000
32040 a080 0000
32041 0c44 0000
32042 2208 0000
32043 4480 0000
32044 2064 0000
32045 1200 0000
32046 0064 0000
32047 0502 0000
32048 3200 0000
32049 0138 0000
32050 0006 0000
32051 1011 0000
32052 0100 0000
32053 0093 0000
32055 0001 0000
32058 0008 0008
32060 0080 0080
32061 0008 0008
32062 0001 0000
32063 080c 080c
32064 0080 0080
32065 8000 8000
32066 0846 0846
32067 c400 c400
32068 0040 0040
32069 0420 0420
32070 4006 4006
32071 0201 0201
32072 6022 6022
32073 0490 0490
32074 8301 8301
32075 2040 2040
32076 1010 1010
32077 0100 0100
32078 0001 0001
32079 3000 3000
32080 0100 0100
32082 0210 0210
32085 1000 1000
32087 0800 0800
32728 3311 0000
32729 4422 0000
32730 b955 0000
32731 46a8 0000
32732 8846 0000
32733 0080 0000
32735 0008 0000
32745 3000 3000
32746 4000 4000
32747 b700 b700
32748 4800 4800
32749 8730 8730
32750 0840 0840
32751 00b3 00b3
32752 004c 004c
32753 0083 0083
32754 000c 000c
33041 0080 0000
33085 1110 0000
33086 2001 0000
33087 0222 0000
33088 7551 0000
33089 8a24 8000
33090 44ca 0000
33091 8004 0000
33092 0880 0000
33093 0008 0000
33095 2900 0000
33118 1000 1000
33119 2000 2000
33121 5000 5000
33122 2100 2100
33123 8000 8000
33124 5200 5200
33125 2400 2400
33126 0101 0101
33127 4a11 4a11
33128 8002 8002
33129 0010 0010
33130 0526 0526
33132 026c 026c
33134 00c0 00c0
33135 0c08 0c08
33136 8200 8200
33137 0080 0080
33138 0800 0800
33141 4000 4000
33144 0100 0100
33253 0001 0001
33399 0001 0000
33467 1110 0000
33468 2201 0000
33469 5122 0000
33470 2651 0001
33471 c8a6 0002
33472 0558 0118
33473 9a24 1224
33474 24c8 2448
33475 4080 4080
33476 0c00 0c00
33477 8000 8000
33478 0200 0200
33480 4000 4000
33528 4000 0000
34018 6000 0000
34019 8400 0000
34020 0840 0000
34021 0280 0000
34022 0004 0000
34024 0008 0000
34080 0001 0000
34110 000c 0000
34111 0082 0000
34112 0071 0000
34113 0c0e 0000
34114 03e0 0000
34115 e811 0000
34116 1700 0000
34117 e000 0000
34118 1000 1000
34119 0080 0000
34120 4001 4000
34124 0040 0000
34125 2000 0000
34139 0888 0888
34140 c444 c444
34141 2a22 2a22
34142 5153 5153
34143 2000 2000
34144 1201 1201
34145 0010 0010
34150 0400 0400
34347 0001 0000
34348 0006 0000
34349 0008 0000
34350 0011 0000
34351 00ee 0000
34353 0e51 0000
34354 01a6 0000
34355 0008 0000
34356 fe60 0000
34357 4110 0000
34358 a400 0000
34359 1a00 0000
34360 6000 0000
34361 0020 0000
34373 0008 0008
34374 0884 0884
34375 8048 8048
34376 4c26 4c26
34377 8642 8642
34378 60b1 60b1
34379 2300 2300
34380 1011 1011
34381 1100 1100
34500 1100 0000
34501 2011 0000
34502 1220 0000
34503 6512 0000
34504 8241 0000
34505 48a4 0000
34506 044a 0000
34507 8805 0001
34508 0090 0010
34509 000b 0003
34510 0510 0110
34511 0026 0026
34512 1200 1200
34513 214c 214c
34514 1400 1400
34515 64a0 64a0
34516 0a08 0a08
34517 c040 c040
34519 0880 0880
34520 8000 8000
34574 8800 0000
34575 0080 0000
34576 c808 0000
34577 04c0 0000
34578 664c 0000
34579 2020 0000
34580 1306 0000
34581 0030 0000
34582 8003 0000
34583 1100 0000
34584 0051 0000
34612 0008 0008
34613 0884 0884
34614 804a 804a
34615 4c27 4c27
34616 a670 a670
34617 4181 4181
34618 3200 3200
34619 1010 1010
34620 0100 0100
34664 0080 0000
34665 0840 0000
34666 0400 0000
34794 1000 0000
34795 6300 0000
34796 9400 1000
34797 6a40 0200
34798 2088 2000
34799 cc00 4400
34800 0080 0080
34801 8800 8800
34803 4000 4000
34804 0040 0040
34805 8000 8000
35119 6000 0000
35120 8000 0000
35122 0200 0000
35124 0010 0000
35125 0060 0000
35126 0081 0000
35128 0004 0000
35219 3311 0000
35220 4422 0000
35221 88cc 0000
35222 4000 0000
35223 2e00 0000
35225 0010 0000
35229 0040 0000
35231 000c 0000
35233 7001 7000
35234 8300 8300
35235 6c10 6c10
35236 06e1 06e1
35237 081e 081e
35238 0041 0041
35239 800e 800e
36000 8880 0000
36001 0008 0000
36002 cc00 0000
36003 40c4 0000
36004 2c48 0000
36005 8224 0000
36006 6002 0000
36007 3770 0000
36008 0007 0000
36009 1000 0000
36010 0111 0000
36012 4010 0000
36014 0001 0000
36031 0008 0008
36032 0084 0084
36033 0848 0848
36034 8426 8426
36035 48c3 48c3
36036 8630 8630
36037 6101 6101
36038 2210 2210
36039 1000 1000
36040 0100 0100
36041 1000 1000
36162 1100 0000
36163 2211 0000
36164 5422 0000
36165 ab45 0000
36166 40aa 0000
36167 0c44 0000
36168 8080 0000
36170 1000 0000
36171 0018 0000
36176 0200 0000
36178 0080 0000
36184 0400 0000
36194 7000 7000
36195 8001 8001
36196 0410 0410
36197 fb00 fb00
36198 0001 0001
36199 0412 0412
36200 4ba0 4ba0
36201 0042 0042
36202 0410 0410
36203 20ac 20ac
36204 0242 0242
36205 0100 0100
36206 0004 0004
36207 0048 0048
36208 0080 0080
36210 0004 0004
36211 0008 0008
36212 1000 1000
36239 0001 0000
36240 0006 0000
36242 0001 0000
36243 001e 0000
36245 0070 0000
36246 008d 0000
36247 0162 0000
36248 0200 0000
36249 049c 0008
36250 1940 0000
36251 26a0 0000
36252 4040 0000
36253 b880 0000
36254 4700 0000
36255 0800 0000
36256 b000 0000
36257 4000 0000
36259 8800 0000
36263 0001 0000
36283 0008 0008
36284 0080 0080
36285 000c 000c
36286 0840 0840
36287 8486 8486
36288 4863 4863
36289 8600 8600
36290 4031 4031
36291 2300 2300
36292 3010 3010
36293 0100 0100
36294 1000 1000
36299 0001 0001
36454 8000 0000
36455 0800 0000
36456 c080 0000
36457 0c08 0000
36458 60c0 0000
36459 260c 0000
36460 1060 0000
36461 0306 0000
36462 3030 0000
36463 0141 0000
36464 0012 0000
36465 0001 0000
36471 0001 0000
36485 0088 0088
36486 8804 8804
36487 4442 4442
36488 0a69 0a69
36489 6592 6592
36490 3201 3201
36491 0124 0124
36492 1010 1010
36500 8000 8000
36653 1000 0000
36654 2111 0000
36655 4622 0000
36656 b8c5 0000
36657 4608 0000
36658 0020 0000
36659 a8c0 2000
36660 500c 5008
36661 a002 a002
36662 5700 5700
36663 0830 0830
36664 07c0 07c0
36665 8800 8800
36666 007f 007f
36667 0080 0080
36669 0003 0003
36670 000c 000c
36671 0002 0002
36674 0001 0001
36675 0004 0004
36810 8000 0000
36811 0800 0000
36812 c080 0000
36813 0c00 0000
36814 6088 0000
36815 0640 0000
36816 6804 0000
36817 1068 0000
36818 0304 0000
36819 1032 0000
36820 0501 0000
36821 2002 0000
36822 0015 0000
36838 0088 0088
36839 8804 8804
36840 4462 4462
36841 0a0c 0a0c
36842 6573 6573
36843 b000 b000
36844 0001 0001
36845 1310 1310
36947 1100 0000
36948 2210 0000
36949 7421 0000
36950 8942 0000
36951 46b5 0000
36952 884a 0000
36953 0004 0000
36954 0088 0000
36960 2000 0000
36965 0400 0000
36968 e000 e000
36969 5c00 5c00
36970 b380 b380
36971 0c70 0c70
36972 038c 038c
36973 0073 0073
36974 000f 000f
37153 0008 0000
37154 0087 0000
37155 0c70 0000
37156 e386 0000
37157 1451 0000
37158 2828 0008
37159 1884 0884
37160 c762 c462
37161 2213 2213
37162 1100 1100
37183 2000 2000
37552 008e 0000
37553 0061 0000
37554 0e98 0000
37555 e947 0000
37556 1630 0000
37557 e000 0000
37558 0100 0000
37559 1800 0000
37568 0001 0001
37569 0010 0010
37571 010f 010f
37572 00f0 00f0
37573 1e00 1e00
37574 e100 e100
37575 1000 1000
37601 0001 0000
37602 0030 0000
37603 0302 0000
37604 2000 0000
37605 1030 0000
37607 1101 0000
37610 2000 0000
37620 0022 0022
37625 2201 2201
37626 0010 0010
37628 0020 0020
37629 2001 2001
37630 0100 0100
37631 1000 1000
37632 0010 0010
37633 0200 0200
37635 0100 0100
37636 0011 0011
37637 1000 1000
37638 2000 2000
37639 0100 0100
37641 1000 1000
37650 0002 0002
37652 1000 1000
37897 3000 0000
37898 4310 0000
37899 ac63 0000
37900 4284 0000
37901 0048 0000
37902 8894 0000
37903 0002 0000
37906 0100 0000
37907 0020 0000
37912 e000 e000
37913 1f00 1f00
37914 00f2 00f2
37915 000d 000d
37918 0002 0002
38082 0400 0000
38532 1110 0000
38533 2221 0000
38534 4446 0000
38535 e8a8 0000
38536 0653 0000
38537 8884 0000
38540 0100 0100
38541 1000 0000
38542 0408 0000
38553 0001 0001
38555 0113 0113
38556 1026 1026
38557 6310 6310
38558 b448 b448
38559 4884 4884
38560 8640 8640
38561 0808 0808
38562 0020 0020
38582 0400 0000
38720 8000 0000
38721 4800 0000
38722 2480 0000
38723 da68 0000
38724 2504 0000
38725 0272 0000
38726 1005 0000
38727 0008 0000
38728 0011 0000
38731 0888 0888
38732 c466 c466
38733 2311 2311
38734 1000 1000
38874 0400 0000
39287 8000 0000
39288 0800 0000
39289 0400 0000
39290 6040 0000
39291 0220 0000
39292 0110 0000
39294 1000 0000
39368 0400 0400
39439 0400 0000
39477 0080 0000
39578 0040 0000
39755 8880 0000
39756 4408 0000
39757 a8c4 0000
39758 4628 0000
39759 3156 0000
39760 0221 0000
39761 1102 0000
39762 0011 0000
39780 0008 0008
39781 0884 0884
39782 8442 8442
39783 4020 4020
39784 6607 6607
39785 83f0 83f0
39786 3001 3001
39787 1000 1000
39788 0810 0810
39789 0008 0008
39791 0100 0100
40231 0001 0000
40232 0040 0000
40451 000c 0000
40452 00f3 0000
40453 8f00 0000
40454 70c2 0000
40455 6629 0000
40456 8800 8000
40457 0010 0000
40459 0008 0008
40460 0880 0880
40461 8008 8008
40462 04c6 04c6
40463 ca20 ca20
40464 6443 6443
40465 0235 0235
40466 3100 3100
40468 1110 1110
40852 0001 0000
40853 1110 0000
40854 0020 0000
40855 3213 0000
40856 4544 0000
40857 2222 0000
40858 cccc 0000
40860 8880 0000
40861 000c 0000
40865 0200 0000
40867 1000 0000
40868 4000 0000
40869 0001 0001
40870 0016 0016
40871 0368 0368
40872 3480 3480
40873 4800 4800
40874 8000 8000
41286 8000 0000
41287 0800 0000
41288 8080 0000
41289 0800 0000
41290 4088 0000
41291 8000 0000
41292 4c00 0000
41293 2008 2000
41294 57e0 0000
41295 0057 0010
41296 0008 0000
41297 1000 1000
41298 2310 2310
41299 0063 0063
41300 0004 0004
41301 2000 0000
41302 0200 0000
41303 c044 c000
41304 0c20 0c00
41305 22c8 22c8
41306 0024 0024
41307 4000 4000
41349 3000 0000
41350 4310 0000
41351 2421 0000
41352 ca42 0000
41353 94a5 0000
41354 085a 0000
41355 0084 0000
41356 0108 0000
41358 0010 0000
41365 d000 d000
41366 2c00 2c00
41367 03e0 03e0
41368 741b 741b
41369 0004 0004
41370 0023 0023
41371 0040 0040
41372 0080 0080
41374 0004 0004
41376 0008 0008
41380 0400 0000
41388 0010 0010
41528 0003 0000
41529 0030 0000
41530 0200 0000
41531 2112 0002
41532 1020 0020
41534 0201 0201
41535 2010 2010
41536 0100 0100
41538 1000 1000
41541 0100 0100
41542 0010 0010
41543 1000 1000
41564 0001 0001
41884 000c 0000
41885 00e3 0000
41886 0814 0000
41887 87eb 0000
41888 7800 0000
41889 0610 0000
41890 e180 0000
41891 1000 0000
41892 0008 0008
41893 0880 0880
41894 800c 800c
41895 0cc0 0cc0
41896 c006 c006
41897 0460 0460
41898 6203 6203
41899 0130 0130
41900 3201 3201
41901 0010 0010
41902 1100 1100
42265 8800 0000
42267 0080 0000
42277 8000 8000
42635 8888 0000
42636 4000 0000
42637 84cc 0000
42638 6e22 0000
42639 2155 0000
42640 1222 0000
42642 1111 0000
42676 0008 0008
42677 0086 0086
42678 0861 0861
42679 c612 c612
42680 2104 2104
42681 5401 5401
42682 a240 a240
42683 1130 1130
42690 0008 0008
42734 0040 0000
42736 0400 0000
42910 000f 0000
42911 00f0 0010
42912 0f05 0000
42913 f0fa 0010
42914 0e00 0000
42915 f100 0000
42921 4000 0000
42922 0400 0000
42926 000f 000f
42927 00f0 00f0
42928 0f00 0f00
42929 f000 f000
43060 0111 0000
43061 1222 0000
43062 2455 0000
43063 5120 0000
43064 aaca 0800
43065 4c04 0000
43066 8088 0000
43068 4000 0000
43073 0800 0000
43075 8001 0001
43076 0016 0016
43077 0168 0168
43078 0280 0280
43079 3c02 3c02
43080 4000 4000
43081 8000 8000
43085 2000 2000
43086 4000 4000
43466 1000 0000
43470 0100 0000
43472 1000 0000
43479 1000 1000
43919 2000 0000
43921 0440 0400
43922 4001 0000
43925 0804 0000
43928 0080 0000
44078 0008 0000
44079 0004 0000
44080 0002 0000
44081 008d 0000
44082 0062 0000
44083 0091 0000
44084 0c60 0000
44085 0208 0008
44086 0997 0884
44087 6442 0442
44088 1221 0221
44089 2010 2010
44090 1100 1100
44091 0001 0001
44567 0011 0000
44572 0044 0000
44573 4400 0000
44575 0080 0000
44577 0800 0000
44621 3131 0000
44622 0202 0000
44623 7444 0000
44624 caab 0000
44625 0d54 0000
44626 8080 0000
44627 0008 0000
44632 1000 1000
44633 6100 6100
44634 a600 a600
44635 5810 5810
44636 07f1 07f1
44637 8803 8803
44638 00ee 00ee
44639 0008 0008
44640 0004 0004
44768 000c 0000
44769 0083 0000
44770 0074 0000
44771 0c0b 0000
44772 03e0 0000
44773 ec10 0000
44774 5300 0000
44775 a000 0000
44776 1804 0000
44777 0040 0000
44780 4000 0000
44785 8000 0000
44786 0100 0000
44788 0020 0000
44795 0888 0888
44796 c446 c446
44797 2220 2220
44798 5113 5113
44802 1000 1000
44805 0004 0004
44816 0040 0040
44824 0400 0400
45060 8000 0000
45061 4880 0000
45062 8408 0000
45063 68c4 0000
45064 2620 0000
45065 114e 0008
45066 0ab1 0880
45067 9446 8446
45068 4020 4020
45069 2211 2211
45070 1100 1100
45071 6000 6000
45072 0400 0400
45073 1000 1000
45116 0200 0200
45231 1000 0000
45232 0100 0000
45233 2010 0000
45234 1201 0000
45235 6130 0000
45236 0601 0000
45237 4002 0000
45238 0664 0000
45239 b000 0000
45240 4877 0000
45241 0480 0000
45242 8800 0000
45243 04c8 0000
45244 0804 0000
45245 8000 0000
45246 0008 0000
45247 0080 0000
45249 0008 0000
45251 0080 0000
45277 0008 0008
45279 0088 0088
45280 0004 0004
45281 08c0 08c0
45282 8006 8006
45283 0c61 0c61
45284 c602 c602
45285 2031 2031
45286 4300 4300
45287 3010 3010
45289 1100 1100
45294 0002 0002
45509 0080 0000
45510 8808 0800
45511 4440 0000
45512 8884 0000
45513 666a 0000
45514 0114 0000
45515 3223 0000
45517 1511 0000
45522 0400 0000
45533 0008 0008
45534 0084 0084
45535 0842 0842
45536 8423 8423
45537 4210 4210
45538 250d 250d
45539 5200 5200
45540 8000 8000
45541 3000 3000
45543 0800 0800
45567 0040 0040
45712 0040 0000
45768 1000 0000
45861 0800 0000
46001 0800 0000
46059 3000 0000
46060 c710 0000
46061 6861 0000
46062 9686 0000
46063 0858 0000
46064 00a4 0000
46065 0001 0000
46070 0008 0000
46071 0100 0000
46074 4000 0000
46077 0200 0000
46080 c000 c000
46081 2800 2800
46082 d400 d400
46083 2bc0 2bc0
46084 1628 1628
46085 01d6 01d6
46086 002d 002d
46087 0012 0012
46088 0001 0001
46134 0001 0000
46135 0002 0000
46136 0001 0000
46137 0012 0002
46138 0001 0001
46140 0010 0010
46305 1100 0000
46306 6211 0000
46307 a422 0000
46308 5bd5 0000
46309 846a 0000
46310 2804 0000
46311 0080 0000
46312 0008 0000
46326 0400 0000
46328 4000 0000
46336 0011 0011
46337 1122 1122
46338 2200 2200
46339 0446 0446
46340 4018 4018
46341 4c81 4c81
46342 a204 a204
46343 0040 0040
46345 9080 9080
46346 0800 0800
46348 0008 0008
46370 0800 0000
46371 8000 0000
46373 8000 8000
46374 0800 0800
46388 0020 0020
46469 0008 0000
46470 0080 0000
46471 080c 0000
46472 0040 0000
46473 84a6 0000
46474 0841 0000
46475 c600 0000
46476 2032 0000
46477 0041 0000
46478 6310 0000
46479 1401 0000
46480 80a8 8088
46481 2900 0800
46482 1610 0400
46483 8088 8088
46484 4800 4800
46485 0044 0044
46487 0400 0400
46488 4044 4044
46489 2222 2222
46490 0400 0400
46491 4000 4000
46492 0002 0002
46493 2225 2225
46494 0002 0002
46495 0100 0100
46496 3010 3010
46498 0200 0200
46499 0100 0100
46500 1016 1010
46503 000c 0000
46504 0012 0000
46505 1020 1000
46507 0044 0000
46508 0089 0000
46509 0232 0000
46510 0144 0000
46511 0080 0000
46512 0640 0000
46513 0008 0000
46514 1d20 0000
46515 2080 0000
46516 0a00 0000
46517 7400 0000
46518 00c0 0000
46519 4800 0000
46520 a000 0000
46521 1700 0000
46523 c000 0000
46524 2800 0000
46526 c028 0008
46527 0006 0006
46528 0009 0009
46529 0006 0006
46530 0081 0081
46531 0060 0060
46532 0010 0010
46533 00a0 00a0
46534 0840 0840
46535 0410 0410
46536 0302 0302
46537 0c00 0c00
46538 c300 c300
46539 2000 2000
46540 5000 5000
46541 a000 a000
46543 1000 1000
46548 4000 4000
46553 0400 0400
46653 0400 0000
46798 1000 0000
46800 0100 0000
46801 1000 0000
46802 2010 0000
46803 0101 0000
46804 0200 0000
46805 4010 0000
46806 1421 1000
46807 0002 0000
46808 2000 2000
46809 1520 1100
46810 0053 0010
46811 4200 4200
46812 0500 0500
46813 0015 0011
46814 0020 0020
46817 0045 0041
46819 0002 0002
46820 0001 0001
46821 0010 0010
46822 0004 0004
46828 0002 0002
46833 0004 0000
46834 0003 0000
46838 0051 0000
46839 0026 0004
46841 0010 0000
46843 0302 0002
46845 0010 0000
46846 3020 0020
46847 0100 0000
46848 0001 0001
46849 0202 0202
46850 3011 2011
46852 0100 0100
46854 1000 1000
46855 0110 0110
46858 1000 1000
47130 000c 0000
47132 0081 0000
47134 0044 0004
47135 0010 0000
47136 0800 0000
47137 0400 0000
47140 0100 0000
47141 0200 0000
47142 c000 0000
47143 2000 0000
47145 0010 0010
47146 1000 0000
47152 0800 0800
47156 2000 2000
47157 4000 4000
47245 2000 0000
47246 4000 0000
47249 0800 0000
47250 0010 0000
47254 0004 0000
47954 8880 0000
47955 4808 0000
47956 84c4 0000
47957 6008 0000
47958 0666 0000
47959 3000 0000
47960 4733 0200
47962 1111 0000
47965 0010 0000
47966 0040 0000
47969 2800 0000
47975 0008 0008
47976 0084 0084
47977 0842 0842
47978 8421 8421
47979 6212 6212
47980 0100 0100
47981 7200 7200
47982 0400 0400
47984 0014 0014
47993 1000 1000
47994 0100 0100
48004 0800 0800
48007 0040 0040
48079 0800 0000
48081 0040 0000
48156 0400 0000
48159 0004 0000
48217 1000 0000
48218 2110 0000
48219 4621 0000
48220 b8d6 0000
48221 4708 0000
48222 0844 0000
48223 00a0 0000
48225 8008 0000
48226 0001 0000
48227 0002 0000
48255 0001 0001
48283 0001 0001
48286 0011 0011
48288 0001 0001
48289 0012 0012
48290 0100 0100
48291 0020 0020
48292 1102 1102
48293 0014 0014
48294 1228 1228
48295 0046 0046
48296 2288 2288
48297 0c40 0c40
48298 a080 a080
48299 dc00 dc00
48301 4200 4200
48303 2100 2100
48304 0020 0020
48305 0404 0404
48421 0001 0000
48422 0110 0000
48423 1000 0000
48424 0220 0000
48425 2111 0000
48426 1422 0000
48427 6200 0000
48429 0400 0000
48430 6110 0000
48431 0200 0000
48432 0040 0000
48433 8000 0000
48434 6000 0000
48435 0001 0001
48436 0002 0002
48437 0010 0010
48438 0020 0020
48439 0001 0001
48441 0400 0400
48442 0010 0010
48444 0200 0200
48445 0010 0010
48446 0100 0100
48447 0020 0020
48448 4600 4600
48449 2000 2000
48450 0100 0100
48454 4001 4001
48455 0110 0110
48458 1000 1000
48464 4000 0000
48468 9000 0000
48469 4100 0000
48470 2000 0000
48471 8600 0000
48472 4900 0000
48473 0200 0000
48474 0410 0000
48475 0800 0000
48476 8720 0000
48477 0010 0000
48478 0880 0000
48479 0060 0000
48480 0410 0000
48481 0221 0000
48482 00c0 0000
48483 0815 0000
48484 0042 0000
48485 0080 0000
48486 002c 0020
48487 0003 0000
48489 00c4 0000
48490 0008 0000
48491 0002 0000
48495 0080 0080
48496 0008 0008
48497 8840 8840
48498 c484 c484
48499 2a62 2a62
48500 4400 4400
48501 3313 3313
48502 0025 0025
48503 1010 1010
48504 0100 0100
48858 0008 0000
48859 0007 0000
48860 00f0 0000
48861 0e0f 0000
48862 c1f0 0000
48863 3e00 0000
48864 0100 0000
48865 e000 0000
48866 1000 0000
48867 0840 0000
48868 0400 0000
48870 2000 0000
48871 4000 0000
48873 0008 0008
48874 88c4 88c4
48875 4422 4422
48876 2211 2211
48877 1100 1100
48879 2000 2000
48909 2000 0000
48952 0080 0000
48953 0800 0000
48954 8000 0000
49288 1000 0000
49289 2111 0000
49290 4222 0000
49291 3455 0000
49292 caa8 0000
49293 0546 0000
49294 8880 0000
49295 0008 0000
49300 4000 0000
49304 7100 7100
49305 8610 8610
49306 08e3 08e3
49307 000c 000c
49308 0011 0011
49309 0402 0402
49326 0004 0004
49396 0001 0000
49477 00cf 0000
49478 0e30 0000
49479 f1c0 0000
49480 0001 0000
49481 4824 0000
49482 2410 0000
49483 1000 0000
49486 0100 0000
49494 0008 0008
49495 88c5 88c5
49496 4422 4422
49497 2311 2311
49498 3000 3000
49500 4000 4000
49582 0008 0000
49583 0080 0000
49585 0800 0800
49742 4000 0000
49743 2400 0000
49790 8000 0000
49791 0800 0000
49792 c088 0000
49793 2c40 0000
49794 428c 0000
49795 3460 0000
49796 0316 0000
49797 1021 0000
49798 0002 0000
49799 0111 0000
49803 f000 f000
49806 4000 4000
49807 bc00 bc00
49808 0300 0300
49809 4000 4000
49810 3010 3010
49811 8000 8000
49812 0760 0760
49813 0890 0890
49814 0200 0200
49815 0401 0401
49817 00fe 00fe
49818 0800 0800
49819 0001 0001
49820 0080 0080
49821 0062 0062
49822 0005 0005
49823 000a 000a
49824 0010 0010
49825 000c 000c
49833 0001 0001
49843 0100 0100
50127 0400 0000
50128 0050 0000
50129 0004 0000
50153 e000 8000
50154 1e00 0000
50155 e1e0 0000
50156 081f 0000
50157 02c0 0000
50158 010d 0000
50160 0400 0000
50161 0800 0000
50163 8000 8000
50164 6c00 6c00
50165 13e8 13e8
50166 0017 0017
50252 8800 0000
50253 4080 0000
50254 0c08 0000
50255 20c0 0000
50256 062c 0000
50257 d140 0000
50258 2236 0000
50259 0003 0000
50260 1150 0000
50261 4c01 0000
50262 a000 0000
50265 9000 0000
50266 6000 0000
50268 0200 0000
50278 1000 0000
50293 0088 0088
50294 8804 8804
50295 0440 0440
50296 42aa 42aa
50297 ec47 ec47
50298 1331 1331
50299 2010 2010
50300 1000 1000
50301 0100 0100
50384 1110 0000
50385 2001 0000
50386 1332 0000
50387 6441 0000
50388 8a24 0000
50389 448a 0000
50390 8844 0000
50391 0080 0000
50392 0008 0000
50394 0001 0001
50396 0001 0001
50397 0010 0010
50398 0082 0002
50399 0040 0000
50400 0016 0016
50401 0020 0020
50402 0101 0101
50403 0004 0004
50404 1130 1130
50405 424a 024a
50407 144c 144c
50408 2280 2280
50410 2400 2400
50411 4080 4080
50412 0800 0800
50413 4408 4408
50414 0800 0800
50415 8000 8000
50417 4000 4000
50418 a000 a000
50423 8000 8000
50579 000f 0000
50580 00f0 0000
50581 8f0e 0000
50582 70d1 0000
50583 0c20 0800
50584 e200 0000
50585 1000 0000
50586 0100 0000
50588 0800 0000
50596 0008 0008
50597 88c4 88c4
50598 4622 4622
50599 2111 2111
50600 1000 1000
50604 0100 0100
50606 4000 4000
50614 0002 0002
50616 0200 0200
50657 0088 0000
50659 4c00 0000
50660 8008 0008
50661 0880 0080
50662 8400 0400
50663 4000 4000
50664 0800 0800
50666 8000 8000
50667 4000 4000
50668 0800 0800
50669 8008 8000
50670 0884 0000
50671 8042 0000
50672 4429 0000
50673 2a56 0040
50674 c120 0000
50675 3200 0000
50676 001d 000c
50677 0583 0083
50678 0070 0070
50679 0c00 0c00
50680 d300 c300
50681 2000 2000
50682 1004 1004
50683 6000 6000
50686 8000 8000
50777 8000 0000
50780 8000 0000
50781 6800 0000
50782 d000 1000
50783 2f80 0000
50784 0020 0000
50785 04d0 0000
50786 080d 0000
50787 0042 0000
50788 022d 0000
50790 1002 1000
50791 0100 0100
50792 2200 2200
50793 0031 0031
50795 2043 0043
50796 0006 0006
50797 0200 0000
50798 2000 0000
50799 0040 0000
50800 0020 0000
50801 0200 0000
50802 8004 8000
50803 4822 4800
50804 9400 8400
50805 6880 6880
50806 0608 0608
50807 2040 2040
50808 10ac 10ac
50809 0240 0240
50810 0002 0002
50811 0004 0004
50987 8000 0000
50988 0800 0000
50989 c880 0000
50990 0408 0000
50991 e0c0 0000
50992 0c00 0000
50993 62cc 0000
50994 1020 0000
50995 2644 0000
50996 0122 0000
50997 121c 0000
50998 0103 0000
50999 0030 0000
51000 0001 0000
51021 0888 0888
51022 8004 8004
51023 4442 4442
51024 a2a8 a2a8
51025 5513 5513
51026 2244 2244
51027 0031 0031
51029 1100 1100
51036 0800 0800
51061 0040 0000
51062 0080 0000
51525 0008 0000
51526 0084 0000
51527 0842 0000
51528 8420 0000
51529 cadb 88c8
51530 2100 0000
51531 5446 4446
51532 2230 2220
51533 0002 0002
51534 1111 1111
51601 1110 0000
51602 2001 0000
51603 1322 1100
51604 4650 0210
51605 2025 2021
51606 0cca 0442
51607 0004 0004
51608 0088 0088
51914 2000 0000
51915 4600 0000
51916 88c0 0000
51959 1111 0000
51960 2220 0000
51961 4403 0000
51962 3154 3100
51963 ceaa 4600
51964 0875 0871
51965 0087 0087
51966 0008 0008
51968 0002 0002
52083 000f 0000
52084 00e0 0000
52085 0c11 0410
52086 03ee 0000
52087 f410 0000
52088 4b00 0000
52089 b000 0000
52099 0008 0008
52100 0884 0884
52101 8462 8462
52102 6201 6201
52103 1112 1112
52104 0040 0040
52109 0004 0004
52114 0008 0008
52117 0400 0400
52189 0008 0000
52190 0084 0000
52192 084f 0000
52193 0080 0000
52194 8470 0000
52195 0803 0000
52196 4774 0000
52197 b000 0000
52198 4200 0000
52199 0500 0000
52200 3000 0000
52203 4000 0000
52209 8000 0000
52218 0800 0000
52220 0400 0000
52231 0008 0008
52237 0008 0000
52254 e000 e000
52255 1400 1400
52256 ea00 ea00
52257 15e0 15e0
52258 0208 0208
52259 0156 0156
52260 0020 0020
52261 001d 001d
52262 0002 0002
52263 0001 0001
52264 0080 0080
52792 008c 0000
52793 0863 0000
52794 c690 0000
52795 2100 0000
52796 5c68 0008
52797 2084 0084
52798 cc62 cc62
52799 2211 2211
52800 1100 1100
52803 0001 0000
52806 0013 0000
52808 0004 0000
52809 0030 0000
52810 0103 0003
52811 0014 0014
52812 0020 0020
52814 0100 0100
53004 1000 0000
53005 6310 0000
53006 8c61 0000
53007 7096 0000
53008 0649 0000
53009 88a6 0000
53012 0008 0000
53014 0400 0000
53030 0001 0001
53033 0010 0010
53037 0001 0001
53039 0010 0010
53041 0100 0100
53043 0001 0001
53052 8000 8000
53053 4000 4000
53054 2000 2000
53055 1000 1000
53056 8000 8000
53057 4800 4800
53058 2400 2400
53059 8201 8200
53060 7000 7000
53061 0880 0880
53062 1400 1400
53063 0360 0360
53064 0001 0000
53065 0c00 0c00
53066 0188 0188
53067 0264 0264
53068 0012 0012
53069 0080 0080
53070 007c 007c
53071 0003 0003
53073 000d 000d
53074 0002 0002
53114 0001 0001
53121 000c 0000
53122 0003 0000
53123 0080 0000
53124 007d 0000
53125 0802 0000
53126 06e4 0000
53127 8110 0000
53128 6848 0008
53129 1680 0080
53130 e944 8844
53131 5622 4622
53132 2111 2111
53133 1000 1000
53134 0002 0002
53135 0004 0004
53158 0010 0010
53327 3110 0000
53328 4221 0000
53329 2442 0000
53330 db95 0000
53331 846a 0000
53332 0804 0000
53333 0080 0000
53334 0008 0000
53340 4000 0000
53347 0011 0011
53348 0102 0102
53349 1020 1020
53350 2244 2244
53351 440a 440a
53352 0881 0881
53353 c014 c014
53354 2000 2000
53355 0400 0400
53356 0040 0040
53365 0200 0200
53452 8800 0000
53453 0088 0000
53454 0800 0000
53455 c4c0 0000
53456 000c 0000
53457 6c40 0000
53458 0284 0000
53459 6462 0000
53460 0200 0000
53461 1037 0000
53462 2100 0000
53463 0011 0000
53464 1100 0000
53466 0018 0008
53467 0001 0000
53468 008c 008c
53469 0042 0042
53470 0804 0804
53471 04e3 04e3
53472 8810 8810
53473 4621 4621
53474 e110 e110
53475 0200 0200
53476 3100 3100
53479 1000 1000
53612 1000 0000
53613 0100 0000
53614 1010 1000
53615 0121 0100
53616 0010 0010
53617 0003 0001
53619 0002 0002
53847 0003 0000
53848 0010 0000
53849 0101 0001
53850 0010 0010
54246 4000 0000
54248 0c00 0000
54285 1111 0000
54286 2266 0000
54287 6411 0000
54288 9be8 0000
54289 c084 0000
54290 1c0a 0000
54295 1000 1000
54296 6000 6000
54297 9100 9100
54298 6630 6630
54299 8901 8901
54300 0ef2 0ef2
54301 0005 0005
54302 004a 004a
54303 0084 0084
54304 0008 0008
54339 0010 0000
54343 0080 0000
54408 0001 0000
54409 000e 0000
54410 00f0 0000
54411 0f0f 0000
54412 f0f0 0000
54413 0e00 0000
54414 e100 0000
54415 1000 0000
54424 0088 0088
54425 8800 8800
54426 0008 0008
54427 8cc7 8cc7
54428 4020 4020
54429 0456 0456
54430 6320 6320
54431 0211 0211
54432 3100 3100
54434 1000 1000
54549 0008 0000
54550 0004 0000
54551 0002 0000
54552 0021 0000
54553 0016 0006
54554 0001 0001
54656 2000 0000
54658 0020 0000
54660 0004 0000
54872 8880 0000
54873 6408 0000
54874 0264 0000
54875 1182 0000
54876 c011 c000
54877 2804 2800
54878 5480 5480
54879 ab48 ab48
54880 1430 1430
54881 028e 028e
54882 0171 0171
54883 0002 0002
54884 0089 0001
54886 0844 0000
54887 008a 0000
54888 8c60 0000
54889 0005 0000
54890 4622 0000
54891 8051 0040
54892 6000 0000
54893 0608 0008
54894 21b0 0080
54895 8808 8808
54896 0405 0404
54897 0140 0040
54898 5c80 4c80
54899 8066 8066
54901 0200 0200
54902 2022 2022
54903 4001 4001
54904 0200 0200
54906 0110 0110
54908 3000 3000
54910 0001 0001
54911 0110 0110
54914 0011 0011
54917 0020 0020
54919 0002 0002
54936 2000 0000
54937 4000 0000
54938 8000 0000
54940 0820 0000
55138 0044 0000
55139 0080 0000
55140 4800 0000
55250 8880 0000
55251 4408 0000
55252 2264 0000
55253 1402 0000
55254 0111 0000
55255 a020 8000
55256 4800 4800
55257 e480 e480
55258 1a00 1a00
55259 2440 2440
55260 13a0 13a0
55262 01b0 0130
55263 0800 0000
55264 00f1 0011
55265 0400 0000
55266 8810 0000
55267 4260 0000
55268 8d01 0000
55269 6010 0000
55271 9600 0000
55272 6108 0008
55273 0880 0880
55274 9004 8004
55275 0c40 0c40
55276 c082 c082
55277 4665 4665
55278 2012 2012
55279 0321 0321
55280 0018 0018
55281 3100 3100
55285 1000 1000
55378 1000 0000
55380 0200 0000
55381 0800 0000
55385 0008 0000
55470 1100 0000
55471 2011 0000
55472 5622 0000
55473 2155 0000
55474 caa0 0000
55475 044e 0000
55476 8880 0000
55477 0008 0000
55478 2000 0000
55489 0011 0011
55490 0122 0122
55491 1244 1244
55492 2408 2408
55493 4880 4880
55494 8000 8000
55496 2400 2400
55977 1000 0000
55980 2000 0000
55981 1000 1000
55994 2000 2000
56079 0010 0000
56080 0040 0000
56082 0400 0000
56083 0800 0000
56084 2000 0000
56085 4000 0000
56086 8000 0000
56257 0004 0000
56258 0080 0000
56259 0041 0000
56262 0200 0000
56263 0100 0000
56336 2000 0000
56339 0400 0000
56340 0800 0000
56341 00c0 0000
56342 0004 0000
56467 1000 0000
56468 0100 0000
56469 1010 0000
56470 2000 0000
56471 0110 0000
56472 6201 0000
56473 0020 0000
56474 1200 0000
56475 2000 0000
56476 4010 0010
56477 0400 0000
56479 0100 0100
56483 1300 1300
56484 2000 2000
56485 4000 4000
56486 1000 1000
56488 2000 2000
56492 1000 1000
56564 0010 0010
56614 0088 0000
56615 0804 0000
56616 8048 0000
56617 0ca6 0000
56618 c041 0000
56619 2612 0000
56620 4120 0000
56621 3201 0000
56622 0010 0000
56623 9900 8800
56624 0088 0088
56625 8000 8000
56626 4c84 4c84
56627 0040 0040
56629 6400 6400
56630 02a8 0220
56632 4004 4000
56633 2008 2000
56634 0c80 0000
56635 1040 1000
56637 4400 0000
56638 aa80 2000
56639 4000 0000
56640 0020 0000
56641 2c00 0000
56642 c000 0000
56645 2000 0000
56646 c000 0000
56650 1040 0000
56680 1000 1000
56681 6000 6000
56683 c000 c000
56684 3700 3700
56685 0800 0800
56687 2ce0 2ce0
56688 9210 9210
56689 4500 4500
56691 0008 0008
56692 00e4 00e4
56693 0302 0302
56694 0051 0051
56695 0020 0020
56696 0088 0088
56697 0014 0014
56698 0003 0003
56699 0008 0008
56700 0004 0004
56701 0003 0003
57124 1100 0000
57125 2010 0000
57126 5221 0000
57127 2552 0000
57128 ca05 0000
57129 04e0 0000
57130 880e 0000
57131 0080 0000
57132 0008 0000
57133 0001 0001
57134 0010 0010
57135 4102 0102
57136 1020 1020
57137 2246 2246
57138 4419 4419
57139 0280 0280
57140 c808 c808
57142 2000 2000
57143 0420 0420
57144 8100 8100
57146 0004 0004
57473 0004 0000
57528 2000 0000
57529 4000 0000
57530 0500 0000
57531 8000 0000
57561 0040 0000
57610 0001 0000
57612 0002 0000
57613 0005 0000
57614 0018 0000
57615 0022 0000
57616 0005 0000
57617 00d8 0000
57618 0122 0000
57619 0244 0000
57620 0c80 0800
57621 1338 0000
57622 2cc0 0000
57623 4000 0000
57624 b000 0000
57625 4f00 0000
57626 8000 0000
57627 2000 0000
57628 5400 0000
57630 8000 0000
57632 0008 0008
57633 8880 8880
57634 044c 044c
57635 4022 4022
57636 e604 e604
57637 0313 0313
57638 3060 3060
57640 0001 0001
57641 0010 0010
57642 0100 0100
57647 1000 1000
57710 0080 0080
57726 00c0 0000
57729 2000 0000
57875 3100 0000
57876 4231 0000
57877 a442 0000
57878 48ac 0000
57879 0440 0000
57880 9880 0000
57881 0107 0000
57885 0200 0000
57891 f000 f000
57894 4900 4900
57895 b400 b400
57896 0200 0200
57897 6000 6000
57898 0900 0900
57899 14a0 14a0
57900 0a40 0a40
57901 0010 0010
57902 0500 0500
57903 02c0 02c0
57905 0007 0007
57906 0020 0020
57907 0019 0019
57908 0082 0082
57909 0070 0070
57910 0104 0104
57911 0002 0002
57912 000c 000c
57914 0008 0008
57917 0080 0080
58467 1111 0000
58468 2200 0000
58469 4022 0000
58470 2555 0000
58471 9ea2 0000
58472 4048 0000
58473 8885 0000
58475 0008 0000
58476 2000 0000
58477 1000 0000
58478 4000 0000
58481 5200 0000
58482 2800 0000
58483 00a0 0000
58486 1000 0000
58487 0040 0000
58488 0100 0000
58491 8000 0000
58497 0080 0000
58499 4000 0000
58500 0001 0001
58501 0010 0010
58502 1122 1122
58503 0244 0244
58504 6488 6488
58505 0802 0802
58506 8000 8000
58508 4000 4000
58976 1000 0000
58977 2111 0000
58978 4622 0000
58979 1944 1100
58980 0289 0200
58981 0416 0410
58982 0820 0820
58983 20d3 20d3
58984 0004 0004
58985 000b 000b
58986 0024 0024
58987 0008 0008
58990 0002 0002
59048 2000 0000
59052 4000 0000
59054 8000 0000
59286 0008 0000
59287 0004 0000
59289 0080 0000
59292 0040 0000
59293 0800 0000
59295 0001 0000
59296 0020 0000
59297 0400 0000
59298 0040 0040
59303 0010 0000
59312 0040 0000
59412 1100 0000
59413 2011 0000
59414 4222 0000
59415 ad44 0000
59416 4299 0011
59417 1d02 0502
59418 8024 0024
59419 1248 1248
59420 6480 6480
59421 0800 0800
59422 8000 8000
59424 4000 4000
